%YAML:1.0
---
K: !!opencv-matrix
   rows: 3
   cols: 3
   dt: d
   data: [ 5.9980286891180617e+02, 0., 3.2454730883566918e+02, 0.,
       5.9794474815906756e+02, 2.3975004364664520e+02, 0., 0., 1. ]
D: !!opencv-matrix
   rows: 1
   cols: 5
   dt: d
   data: [ 1.1047681730612410e-01, -1.2406840900111275e-01,
       -2.0454094184724474e-03, -6.0620849434689936e-04,
       -3.6208403449848636e-01 ]
