%YAML:1.0
---
K: !!opencv-matrix
   rows: 3
   cols: 3
   dt: d
   data: [ 5.6694216913997388e+02, 0., 3.1038435086559815e+02, 0.,
       5.6662337765593293e+02, 2.5584937972064773e+02, 0., 0., 1. ]
D: !!opencv-matrix
   rows: 1
   cols: 5
   dt: d
   data: [ -5.5745101923001215e-02, 2.0024099854405417e+00,
       3.9959472150935260e-03, -1.3855002248576470e-02,
       -7.8513589558264840e+00 ]
